- color: red
  timestamp: 1750672641407145022
  x_map: -4.795383735562205
  y_map: -2.50627239801561
- color: red
  timestamp: 1750672641432524992
  x_map: -5.62790398955773
  y_map: -2.720132874039477
- color: red
  timestamp: 1750672649213561430
  x_map: -4.544870236280159
  y_map: -3.4636609990897247
